tree
version=v4
num_class=1
num_tree_per_iteration=1
label_index=0
max_feature_idx=18
objective=binary sigmoid:1
feature_names=ret logret vol20 buy_ratio sell_ratio ofi_norm interarrival_mean_s hod_sin hod_cos open high low close volume trades dollar buy_volume sell_volume signed_volume
feature_infos=[-45.27105712890625:18.530567169189453] [-45.951614379882812:17.926570892333984] [-4.2240214347839355:61.541728973388672] [-3.2464690208435059:1.9530421495437622] [-1.8766630887985229:3.2464690208435059] [-3.2464690208435059:1.9090104103088379] [-1.9562901258468628:3272.349853515625] [-2.2239618301391602:19.900209426879883] [-27.719282150268555:9.642848014831543] [-16.451389312744141:5.4277706146240234] [-17.109369277954102:5.4156575202941895] [-16.855819702148438:5.4750199317932129] [-16.451389312744141:5.528376579284668] [-1.4068526029586792:48.887435913085938] none [-1.4079879522323608:48.954357147216797] [-1.7660024166107178:12.003623962402344] [-1.1291203498840332:30.887224197387695] [-19.344631195068359:7.9558167457580566]
tree_sizes=6647

Tree=0
num_leaves=63
num_cat=0
split_feature=12 8 8 2 8 9 7 16 10 7 8 12 12 6 9 10 12 12 7 7 12 2 8 6 7 9 2 12 16 2 3 7 2 12 17 3 2 13 2 7 7 0 10 2 12 7 12 12 2 6 11 4 11 16 12 10 9 9 6 17 2 0
split_gain=76.9007 61.2001 37.5964 36.8763 24.8756 21.7127 26.481 22.0161 21.3569 21.3869 24.0579 27.8439 19.8537 17.7327 20.3989 17.3279 22.0321 17.1477 30.3122 33.6896 30.8408 23.5266 16.8994 15.5675 15.5322 14.3092 20.1136 14.9846 13.5676 13.1528 13.1083 12.6313 12.5814 19.4678 12.3772 11.7655 11.729 11.7255 11.5408 10.7659 10.2563 9.99791 9.92949 9.91591 9.6722 12.6643 10.2437 8.6373 8.15248 7.34105 6.4001 6.18853 5.72271 7.27624 5.10175 4.98212 4.51384 4.3343 3.90956 3.64877 9.42934 3.36433
threshold=1.5667883753776553 -1.4953101873397825 1.7500891685485842 -0.21603493392467496 -0.88026961684226979 0.29099242389202123 1.9855990409851076 -0.41612713038921351 -1.9116784334182737 -1.0589618682861326 -0.38834910094738001 0.99293750524520885 -2.3555902242660518 -0.8627515137195586 0.49043962359428411 0.079106856137514128 -0.74134507775306691 0.63293659687042247 1.7180979847908022 -1.422533333301544 -0.69650086760520924 -0.60371723771095265 -0.93293410539627064 -0.46300281584262842 0.86594548821449291 -1.6251251697540281 0.57047846913337719 -2.1182042360305782 -0.68867504596710194 -1.417325437068939 -0.46835154294967646 1.5631874799728396 0.40673558413982397 -0.045779157429933541 -0.57036480307579029 1.0017800331115725 -1.0035978555679319 -0.21176689863204953 -0.32303188741207117 -2.0652391910552974 2.2317661046981816 1.3526211380958559 -3.0873255729675289 0.72576346993446361 0.87593001127243053 -0.46105840802192682 1.2659142017364504 0.3998835980892182 -0.89641198515892018 1.0000000180025095e-35 -0.24513090401887891 -0.061776325106620782 1.4387413859367373 -0.33036942780017847 1.0709000229835512 -1.659441292285919 1.3663239479064944 -1.6765636801719663 -0.012932254467159508 -0.45194885134696955 1.1652525067329409 0.04452288709580899
decision_type=2 2 2 2 2 2 2 2 2 2 2 2 2 2 2 2 2 2 2 2 2 2 2 2 2 2 2 2 2 2 2 2 2 2 2 2 2 2 2 2 2 2 2 2 2 2 2 2 2 2 2 2 2 2 2 2 2 2 2 2 2 2
left_child=1 -1 3 8 -5 6 7 28 42 15 22 13 -4 35 23 16 29 18 19 20 25 -19 24 36 -11 26 27 -14 -6 -10 -25 41 33 -20 -32 -12 -15 47 -23 -27 58 49 -3 -33 -7 46 -46 -22 -13 -9 -24 -34 53 -2 -47 -41 -17 -30 -40 -42 -61 -39
right_child=52 2 12 4 5 44 -8 31 9 10 11 48 17 14 -16 56 -18 21 32 -21 37 38 50 30 -26 39 -28 -29 57 -31 34 43 51 -35 -36 -37 -38 61 40 55 59 -43 -44 -45 45 54 -48 -49 -50 -51 -52 -53 -54 -55 -56 -57 -58 -59 -60 60 -62 -63
leaf_value=-0.83803689343091825 -0.73916692080235058 -0.74575825231092174 -0.83803689343091825 -0.80508023588806243 -0.7184164327198117 -0.63679092077560684 -0.64029694817378291 -0.73246387181058337 -0.71115376189092316 -0.65977133672183419 -0.72268859203092262 -0.81933176347416226 -0.78036274273092043 -0.72770373557005286 -0.62422052986019461 -0.83071319175472813 -0.66715052098648031 -0.70408402728898789 -0.62091067903092645 -0.83500141181512899 -0.63205778378806898 -0.83803689343091825 -0.83803689343091825 -0.7933859380502748 -0.78036274273092043 -0.72770373557005286 -0.80508023588806243 -0.67605842763517976 -0.78211044426728404 -0.81657674433324468 -0.76388441395949247 -0.70987211409758977 -0.76663080208806389 -0.74575825231092174 -0.6707818564009248 -0.82650206329091869 -0.63100148066169526 -0.72268859203092262 -0.78310913085949174 -0.75729308245092131 -0.83803689343091825 -0.63502388296692591 -0.83391731123806134 -0.79958745963091971 -0.70764316141353201 -0.69761287433527142 -0.60734029063092709 -0.71499870527092291 -0.73422342217092218 -0.65977133672183408 -0.77761635460234912 -0.69522471074520942 -0.82730681888208146 -0.82755068421273692 -0.76705332333861331 -0.81515789150034068 -0.77822666307536503 -0.83803689343091836 -0.72268859203092273 -0.73422342217092218 -0.83008183816195302 -0.78036274273092043
leaf_weight=22.757161483168602 4.5514322966337204 4.3346974253654507 10.403273820877073 7.5857204943895331 5.8518415242433575 10.186538949608805 7.5857204943895331 12.787357404828077 4.3346974253654489 4.7681671679019946 7.3689856231212598 8.019190236926077 5.2016369104385367 4.9849020391702643 8.8861297219991666 13.654296889901163 5.8518415242433539 6.7187810093164435 7.3689856231212616 16.471850216388702 6.068576395511629 16.25511534512043 8.4526599794626254 6.71878100931644 6.0685763955116272 4.9849020391702608 9.102864593267439 10.186538949608805 7.1522507518529901 9.3195994645357132 6.068576395511621 5.851841524243353 9.102864593267439 5.4183717817068118 8.6693948507309138 4.334697425365448 8.4526599794626147 6.0685763955116254 4.5514322966337204 4.3346974253654471 6.7187810093164471 5.4183717817068091 12.137152791023253 6.502046138048172 4.9849020391702688 4.9849020391702616 5.2016369104385376 6.502046138048172 4.3346974253654471 4.7681671679019919 9.102864593267439 4.5514322966337195 46.597997322678566 4.768167167901991 5.6351066529750824 26.224919423460967 5.8518415242433539 6.7187810093164417 6.5020461380481738 4.3346974253654462 6.2853112667798996 4.334697425365448
leaf_count=105 21 20 48 35 27 47 35 59 20 22 34 37 24 23 41 63 27 31 34 76 28 75 39 31 28 23 42 47 33 43 28 27 42 25 40 20 39 28 21 20 31 25 56 30 23 23 24 30 20 22 42 21 215 22 26 121 27 31 30 20 29 20
internal_value=-0.764765 -0.758081 -0.753951 -0.74137 -0.717996 -0.71094 -0.727877 -0.739945 -0.756964 -0.750417 -0.737757 -0.721583 -0.770906 -0.706468 -0.691853 -0.781644 -0.748322 -0.766967 -0.757035 -0.769682 -0.756721 -0.791314 -0.7764 -0.709076 -0.727303 -0.775574 -0.746167 -0.711316 -0.782264 -0.783109 -0.735505 -0.71632 -0.709452 -0.673812 -0.709118 -0.761138 -0.666875 -0.707454 -0.80444 -0.795836 -0.785206 -0.694396 -0.810718 -0.757091 -0.676711 -0.696255 -0.656425 -0.674958 -0.789469 -0.71272 -0.806708 -0.742829 -0.820153 -0.784387 -0.734459 -0.80695 -0.814967 -0.8092 -0.747568 -0.8092 -0.790956 -0.746719
internal_weight=0 463.379 440.622 252.93 101.215 93.6295 62.6364 55.0507 151.714 135.243 96.2303 67.838 187.692 55.4841 43.7804 39.0123 19.5061 177.289 125.923 99.4813 83.0095 51.3662 28.3923 34.8943 10.8367 60.0356 24.491 15.3882 19.7229 13.6543 21.4568 35.3278 26.4417 12.7874 14.738 11.7037 13.4376 22.9739 44.6474 35.5445 28.3923 22.9739 16.4719 12.3539 30.9931 20.8065 10.1865 12.5706 12.3539 17.5555 17.5555 13.6543 55.9176 9.3196 10.62 30.5596 19.5061 13.871 11.0535 17.3388 10.62 10.4033
internal_count=2396 2138 2033 1167 467 432 289 254 700 624 444 313 866 256 202 180 90 818 581 459 383 237 131 161 50 277 113 71 91 63 99 163 122 59 68 54 62 106 206 164 131 106 76 57 143 96 47 58 57 81 81 63 258 43 49 141 90 64 51 80 49 48
is_linear=0
shrinkage=1


end of trees

feature_importances:
close=12
vol20=10
hod_sin=9
hod_cos=5
open=5
interarrival_mean_s=4
high=4
buy_volume=3
ret=2
buy_ratio=2
low=2
sell_volume=2
sell_ratio=1
volume=1

parameters:
[boosting: gbdt]
[objective: binary]
[metric: binary_logloss,auc]
[tree_learner: serial]
[device_type: cpu]
[data_sample_strategy: bagging]
[data: ]
[valid: ]
[num_iterations: 500]
[learning_rate: 0.05]
[num_leaves: 63]
[num_threads: 0]
[seed: 0]
[deterministic: 0]
[force_col_wise: 0]
[force_row_wise: 0]
[histogram_pool_size: -1]
[max_depth: -1]
[min_data_in_leaf: 20]
[min_sum_hessian_in_leaf: 0.001]
[bagging_fraction: 1]
[pos_bagging_fraction: 1]
[neg_bagging_fraction: 1]
[bagging_freq: 0]
[bagging_seed: 3]
[feature_fraction: 1]
[feature_fraction_bynode: 1]
[feature_fraction_seed: 2]
[extra_trees: 0]
[extra_seed: 6]
[early_stopping_round: 0]
[early_stopping_min_delta: 0]
[first_metric_only: 0]
[max_delta_step: 0]
[lambda_l1: 0]
[lambda_l2: 0]
[linear_lambda: 0]
[min_gain_to_split: 0]
[drop_rate: 0.1]
[max_drop: 50]
[skip_drop: 0.5]
[xgboost_dart_mode: 0]
[uniform_drop: 0]
[drop_seed: 4]
[top_rate: 0.2]
[other_rate: 0.1]
[min_data_per_group: 100]
[max_cat_threshold: 32]
[cat_l2: 10]
[cat_smooth: 10]
[max_cat_to_onehot: 4]
[top_k: 20]
[monotone_constraints: ]
[monotone_constraints_method: basic]
[monotone_penalty: 0]
[feature_contri: ]
[forcedsplits_filename: ]
[refit_decay_rate: 0.9]
[cegb_tradeoff: 1]
[cegb_penalty_split: 0]
[cegb_penalty_feature_lazy: ]
[cegb_penalty_feature_coupled: ]
[path_smooth: 0]
[interaction_constraints: ]
[verbosity: -1]
[saved_feature_importance_type: 0]
[use_quantized_grad: 0]
[num_grad_quant_bins: 4]
[quant_train_renew_leaf: 0]
[stochastic_rounding: 1]
[linear_tree: 0]
[max_bin: 255]
[max_bin_by_feature: ]
[min_data_in_bin: 3]
[bin_construct_sample_cnt: 200000]
[data_random_seed: 1]
[is_enable_sparse: 1]
[enable_bundle: 1]
[use_missing: 1]
[zero_as_missing: 0]
[feature_pre_filter: 0]
[pre_partition: 0]
[two_round: 0]
[header: 0]
[label_column: ]
[weight_column: ]
[group_column: ]
[ignore_column: ]
[categorical_feature: ]
[forcedbins_filename: ]
[precise_float_parser: 0]
[parser_config_file: ]
[objective_seed: 5]
[num_class: 1]
[is_unbalance: 0]
[scale_pos_weight: 1]
[sigmoid: 1]
[boost_from_average: 1]
[reg_sqrt: 0]
[alpha: 0.9]
[fair_c: 1]
[poisson_max_delta_step: 0.7]
[tweedie_variance_power: 1.5]
[lambdarank_truncation_level: 30]
[lambdarank_norm: 1]
[label_gain: ]
[lambdarank_position_bias_regularization: 0]
[eval_at: ]
[multi_error_top_k: 1]
[auc_mu_weights: ]
[num_machines: 1]
[local_listen_port: 12400]
[time_out: 120]
[machine_list_filename: ]
[machines: ]
[gpu_platform_id: -1]
[gpu_device_id: -1]
[gpu_use_dp: 0]
[num_gpu: 1]

end of parameters

pandas_categorical:[]
